  io| 00 01 02 03 04 05 06 07 08 09 0a 0b 0c 0d 0e 0f
----+------------------------------------------------
 00 | 80 06 f6 42 62 28 a6 40 14 00 90 44 42 1e 0f 1e
 10 | 00 00 c8 0d 6a b0 43 5a 34 80 02 00 00 00 00 00
 20 | f4 08 00 03 00 00 00 00 00 00 00 00 00 00 00 00
 30 | 88 00 00 40 00 00 00 00 00 00 00 00 00 00 00 00
 40 | 20 00 1c 00 00 00 00 44 00 00 00 00 00 00 00 00
 50 | 00 00 00 00 00 00 00 00 00 00 00 0e 00 00 00 00
 60 | 01 00 00 00 00 4c 00 00 00 08 d3 00 00 00 52 01
 70 | 00 00 00 04 00 00 00 00 00 00 00 00 00 01 04 00
 80 | 00 00 00 c2 00 00 00 00 00 00 00 00 00 00 00 00
 90 | 00 00 00 00 00 00 00 00 00 00 00 00 00 00 00 00
 a0 | 00 00 00 00 00 00 00 00 00 00 00 00 00 00 00 00
 b0 | 00 00 00 00 00 00 00 43 e0 00 00 08 0f ff 00 01
 c0 | 00 0e 00 00 00 00 00 00 00 00 00 00 00 00 00 00
 d0 | 02 0e 14 d2 4e 28 00 00 2d 15 f1 5f 40 00 00 00
 e0 | 00 00 04 00 01 00 00 00 04 00 20 c1 00 00 00 00
 f0 | 00 00 00 00 80 7c 00 00 4c 64 6c 68 00 44 00 00

  cp| 00 01 02 03 04 05 06 07 08 09 0a 0b 0c 0d 0e 0f
----+------------------------------------------------
 00 | 00 00 00 00 00 00 00 00 00 02 d1 40 00 00 00 00
 10 | 08 00 00 00 00 01 00 00 00 00 00 20 00 00 00 00
 20 | 20 00 00 00 00 00 00 00 00 00 00 00 00 00 00 00
 30 | 00 00 00 00 00 08 00 00 00 00 80 80 00 00 00 00
 40 | 5c 02 3b d4 03 33 00 00 00 00 00 00 00 00 00 00
 50 | c0 00 40 00 00 00 00 08 00 00 00 00 01 00 00 00
 60 | 00 00 20 00 00 00 00 00 00 14 00 00 00 00 00 00
 70 | 00 00 00 10 04 01 00 ff ff ff ff 05 c0 00 00 00
 80 | 00 c0 04 00 0c 03 0b 00 00 00 20 40 00 00 00 40
 90 | 00 40 00 00 00 00 00 f0 00 00 00 00 00 00 00 00
 a0 | 00 00 00 04 e2 00 00 00 00 00 00 00 00 00 60 00
 b0 | 00 8b e6 50 00 f9 37 80 07 4a 00 00 00 18 00 12
 c0 | 00 00 00 39 44 91 00 00 00 2c 00 60 17 ff df 00
 d0 | 00 00 00 00 00 00 00 00 00 00 00 19 64 12 c5 78
 e0 | 01 78 20 08 00 00 05 10 02 60 90 00 80 16 46 28
 f0 | 30 40 04 d4 00 00 00 15 03 33 07 90 00 02 00 49

hdmi| 00 01 02 03 04 05 06 07 08 09 0a 0b 0c 0d 0e 0f
----+------------------------------------------------
 00 | 08 01 00 98 23 b0 80 a4 c0 04 c0 44 c0 04 8f 1f
 10 | a5 7d 02 7f 3f ff ff 40 10 00 80 08 0b 00 05 60
 20 | 00 30 00 20 00 50 09 c6 09 c6 00 06 00 06 00 14
 30 | 00 14 00 2c 00 2c 00 00 00 00 00 00 02 10 69 46
 40 | 00 40 00 0f 45 04 0f 04 00 00 00 00 40 00 fe 08
 50 | 00 40 7c 01 00 00 58 a3 07 a3 00 12 1a 60 17 ff
 60 | 3f 0f 00 00 00 00 00 00 00 00 00 00 a2 00 04 08
 70 | 02 00 04 00 00 00 04 00 00 00 00 07 ff 00 00 00
 80 | 00 00 00 fc 03 10 9b 04 0a 03 a3 08 00 08 00 08
 90 | 00 00 08 03 08 03 01 c0 ff a3 ff 03 00 40 00 00
 a0 | 00 07 00 00 16 16 16 00 00 f0 00 f0 00 f0 00 00
 b0 | 00 00 00 00 00 00 00 00 00 00 02 00 00 03 c4 00
 c0 | ff 00 00 00 00 00 00 00 00 00 00 00 00 00 00 00
 d0 | 00 00 03 00 00 00 08 00 00 00 00 00 00 00 00 00
 e0 | 00 00 00 00 00 01 00 00 00 01 00 00 00 00 00 82
 f0 | 00 00 00 00 00 00 00 00 00 00 00 00 00 00 00 00

 rep| 00 01 02 03 04 05 06 07 08 09 0a 0b 0c 0d 0e 0f
----+------------------------------------------------
 00 | 89 d6 a4 ae ac 00 00 00 00 00 00 00 00 00 00 00
 10 | 00 00 00 00 00 00 00 00 00 00 00 00 00 00 00 00
 20 | 00 00 00 00 00 00 00 00 00 00 00 00 00 00 00 00
 30 | 00 00 00 00 00 00 00 00 00 00 00 00 00 00 00 00
 40 | 83 00 10 00 00 00 00 00 00 00 00 00 00 00 00 00
 50 | 00 00 10 00 00 00 10 00 00 00 10 00 00 00 10 00
 60 | 00 f0 00 f0 00 f0 00 f0 00 f0 00 f0 00 f0 00 f0
 70 | 00 00 01 00 00 00 00 00 00 88 04 00 00 00 00 00
 80 | 00 00 00 00 00 00 00 00 00 00 00 00 00 00 00 00
 90 | 00 00 00 00 00 00 00 00 00 00 00 00 00 00 00 00
 a0 | 00 00 00 00 00 00 00 00 00 00 00 00 00 00 00 00
 b0 | 00 00 00 00 00 00 00 00 00 00 00 00 00 00 00 00
 c0 | 00 00 00 00 00 00 00 00 00 00 00 00 00 00 00 00
 d0 | 00 00 00 00 00 00 00 00 00 00 00 00 00 00 00 00
 e0 | 00 00 00 00 00 00 00 00 00 00 00 00 00 00 00 00
 f0 | 00 00 00 00 00 00 00 00 00 00 00 00 00 00 00 00

edid| 00 01 02 03 04 05 06 07 08 09 0a 0b 0c 0d 0e 0f
----+------------------------------------------------
 00 | 00 00 00 00 00 00 00 00 00 00 00 00 00 00 00 00
 10 | 00 00 00 00 00 00 00 00 00 00 00 00 00 00 00 00
 20 | 00 00 00 00 00 00 00 00 00 00 00 00 00 00 00 00
 30 | 00 00 00 00 00 00 00 00 00 00 00 00 00 00 00 00
 40 | 00 00 00 00 00 00 00 00 00 00 00 00 00 00 00 00
 50 | 00 00 00 00 00 00 00 00 00 00 00 00 00 00 00 00
 60 | 00 00 00 00 00 00 00 00 00 00 00 00 00 00 00 00
 70 | 00 00 00 00 00 00 00 00 00 00 00 00 00 00 00 00
 80 | 00 00 00 00 00 00 00 00 00 00 00 00 00 00 00 00
 90 | 00 00 00 00 00 00 00 00 00 00 00 00 00 00 00 00
 a0 | 00 00 00 00 00 00 00 00 00 00 00 00 00 00 00 00
 b0 | 00 00 00 00 00 00 00 00 00 00 00 00 00 00 00 00
 c0 | 00 00 00 00 00 00 00 00 00 00 00 00 00 00 00 00
 d0 | 00 00 00 00 00 00 00 00 00 00 00 00 00 00 00 00
 e0 | 00 00 00 00 00 00 00 00 00 00 00 00 00 00 00 00
 f0 | 00 00 00 00 00 00 00 00 00 00 00 00 00 00 00 00

  if| 00 01 02 03 04 05 06 07 08 09 0a 0b 0c 0d 0e 0f
----+------------------------------------------------
 00 | 00 00 00 00 00 00 00 00 00 00 00 00 00 00 00 00
 10 | 00 00 00 00 00 00 00 00 00 00 00 00 00 00 00 00
 20 | 00 00 00 00 00 00 00 00 00 00 00 00 00 00 00 00
 30 | 00 00 00 00 00 00 00 00 00 00 00 00 00 00 00 00
 40 | 00 00 00 00 00 00 00 00 00 00 00 00 00 00 00 00
 50 | 00 00 00 00 00 00 00 00 00 00 00 00 00 00 00 00
 60 | 00 00 00 00 00 00 00 00 00 00 00 00 00 00 00 00
 70 | 00 00 00 00 00 00 00 00 00 00 00 00 00 00 00 00
 80 | 00 00 00 00 00 00 00 00 00 00 00 00 00 00 00 00
 90 | 00 00 00 00 00 00 00 00 00 00 00 00 00 00 00 00
 a0 | 00 00 00 00 00 00 00 00 00 00 00 00 00 00 00 00
 b0 | 00 00 00 00 00 00 00 00 00 00 00 00 00 00 00 00
 c0 | 00 00 00 00 00 00 00 00 00 00 00 00 00 00 00 00
 d0 | 00 00 00 00 00 00 00 00 00 00 00 00 00 00 00 00
 e0 | 00 00 00 00 00 00 00 00 00 00 00 00 00 00 00 00
 f0 | 00 00 00 00 00 00 00 00 00 00 00 00 00 00 00 00

 cec| 00 01 02 03 04 05 06 07 08 09 0a 0b 0c 0d 0e 0f
----+------------------------------------------------
 00 | 00 00 00 00 00 00 00 00 00 00 00 00 00 00 00 00
 10 | 00 00 13 57 00 00 00 00 00 00 00 00 00 00 00 00
 20 | 00 00 00 00 00 00 00 10 ff 0f 3e 07 00 0f bb 0e
 30 | ae 10 c7 0c ef 0b e2 0d fb 08 64 06 d1 09 f6 02
 40 | 19 05 3e 06 4b 03 ac 0c 96 02 00 e0 00 01 0c 03
 50 | 25 04 32 00 00 00 00 00 00 00 00 00 00 00 00 00
 60 | 00 00 00 00 00 00 00 00 00 00 00 00 00 00 00 00
 70 | 00 00 00 00 00 00 00 00 6d 8f 82 04 0d 70 42 41
 80 | 00 00 00 00 00 00 00 00 00 00 00 00 00 00 00 00
 90 | 00 00 00 00 00 00 00 00 00 00 00 00 00 00 00 00
 a0 | 00 00 00 00 00 00 00 00 00 00 00 00 00 00 00 00
 b0 | 00 00 00 00 00 00 00 00 00 00 00 00 00 00 00 00
 c0 | 00 00 00 00 00 00 00 00 00 00 00 00 00 00 00 00
 d0 | 00 00 00 00 00 00 00 00 00 00 00 00 00 00 00 00
 e0 | 00 00 00 00 00 00 00 00 00 00 00 00 00 00 00 00
 f0 | 00 00 00 00 00 00 00 00 00 00 00 00 00 00 00 00

dpll| 00 01 02 03 04 05 06 07 08 09 0a 0b 0c 0d 0e 0f
----+------------------------------------------------
 00 | 00 00 00 00 00 00 00 00 00 00 00 00 00 00 00 00
 10 | 00 00 00 00 00 00 00 00 00 00 00 00 00 00 00 00
 20 | 00 00 00 00 00 00 00 00 00 00 00 00 00 00 00 00
 30 | 00 00 00 00 00 00 00 00 00 00 00 00 00 00 00 00
 40 | 00 00 00 00 00 00 00 00 00 00 00 00 00 00 00 00
 50 | 00 00 00 00 00 00 00 00 00 00 00 00 00 00 00 00
 60 | 00 00 00 00 00 00 00 00 00 00 00 00 00 00 00 00
 70 | 00 00 00 00 00 00 00 00 00 00 00 00 00 00 00 00
 80 | 80 20 80 02 02 0a 0a 0a f8 66 fc 13 f8 15 de 86
 90 | c1 91 82 70 00 00 00 00 ff 0f ff 00 00 00 00 00
 a0 | 00 02 02 ff ff ff f8 66 fc 13 f8 15 de 86 c1 91
 b0 | 82 70 ff 0f ff 01 00 00 00 00 00 00 00 6f 03 fa
 c0 | c0 98 80 00 30 02 03 00 00 00 00 00 40 0a 96 00
 d0 | 25 23 e1 ae ff e1 05 00 00 1b 04 00 00 00 00 00
 e0 | 00 00 00 00 06 06 00 00 00 00 00 00 00 00 00 00
 f0 | 00 00 00 00 00 00 00 00 00 0d f8 0f e1 00 00 00

